10029
10057
10145
10457
10490
10503
11075
11387
21080
21168
30004
33624
34389
35040
36055
36963
38366
40175
40343
41253
41499
41683
41915
42231
45858
71005
76009
90955
92133
93688
100872
101707
101880
102189
102254
102573
102942
103185
103329
103500
103558
103759
103812
103975
103984
104020
104088
104104
104127
104133
104224
104421
104550
104594
104626
104649
104659
104754
104792
104802
104881
104908
105149
105221
120302
120567
211667
212239
253565
259252
265905
273737
279088
289107
318688
319369
320027
336685
338209
357456
387517
506985
523326
531080
546838
552010
559581
567065
574033
599631
679586
688136
688589
689105
701345
724362
1203481
1335280
2120029
2668383
2700698
2727156
3115114
3288866
3326347
3566916
3637250
3691324
4289927
4458513
4609386
5379351
5500402
7000800
7747002
8020100
8032280
8068010
8365118
8380174
8791579
9216888
9545954
9858163
9996568
10493744
11123445
11306379
11550960
11666564
11885594
13231053
13617362
13760531
13830161
13942310
14120200
14191989
14219800
14602213
14700303
15058618
15086435
15167736
15261213
15366833
15493661
15520523
15731153
15800583
15814523
15961190
16169093
16283120
16539139
16566559
16955474
17033570
17102639
17129017
17203188
17248564
17655574
17987341
18033138
18178198
18333618
18452644
18481068
18512298
18618180
20689217
20911740
20916764
20973908
20990070
21062017
21333975
21447563
21460540
21565606
21887305
22112201
22237283
22281727
22294084
22317280
22358978
22360120
22561256
23101510
23320045
23331790
23462971
23537102
23591799
23766753
23780876
23888180
24557647
24891009
24897336
25152826
25266186
25384699
25509597
25735943
25847348
25886198
25909541
25975400
26090061
26126082
26462028
26528858
26753377
26793114
26881303
27282293
27812785
28028803
28623765
28688688
28766798
29281419
29396453
29961803
30030969
30049039
30114787
30131326
30383733
30670127
31082304
31219997
31333272
31554776
31557356
31612620
31737734
31834268
31906528
32162938
32331272
32680911
32802075
33053466
33328662
33355110
33553023
33783798
34056355
34136911
34745787
34911470
35338778
35461036
35537373
35987272
35988683
36105913
36560066
36627489
36742692
36838776
36967838
36981070
37088456
37121371
37568662
37776111
37913993
38088057
38163388
38380001
38488850
39107636
39297060
39661029
39725789
39809637
40004156
40126168
40306806
40576506
40795537
40990135
41096289
41222327
41262557
41339710
41600886
41631503
41697955
41709856
41734552
41944675
42208221
42302027
42410327
42441999
42587999
42699054
42788922
42876891
43193432
43499080
43544839
44015008
44451890
44544488
44770057
44832378
45061817
45162274
45427098
45480483
45819349
45829041
45970322
46139572
46311948
46754431
46864868
47060163
47443819
47609526
47771869
47845310
48150165
48156805
48273817
48370433
48489801
48581467
48596587
48796627
48855392
48987261
49147203
49178312
49447307
50078070
50123456
50210009
50470789
50555166
50601101
50619279
50659994
50840156
51065577
51069584
51119708
51306276
51373412
51509146
51590696
51733882
51816003
51881177
51990888
52002009
52011608
52029414
52088080
52105547
52193522
52520888
52879618
52887776
53206954
53217060
53290490
55001129
56778424
56877877
60006400
60099794
60395059
60493255
60509600
60621027
60642011
60690968
60894202
60899101
60909661
61092059
61106892
61254929
61340348
61490852
61593478
61606111
61696721
61947104
61998504
62050140
62051800
62246054
62306432
62343834
62526233
62573988
62583299
62636163
62686677
62999020
63047952
63169492
63334206
63415762
63608000
63760055
63935816
64000649
64295749
64622777
64643364
64679199
64793195
64806612
64810190
65077090
65181923
65284161
65285522
65320584
65451932
65522818
65559277
65668066
65780273
65892028
66035288
66153298
66158832
66234627
66281781
66404755
66484132
66486678
66704238
66750131
66797451
66973781
67082420
67206731
67208588
67219571
67675219
67749432
67977449
67993060
68178178
68254022
68310733
68351016
68500498
68533823
68668846
68734632
68744987
68988069
69001622
69232055
69485824
70081122
70333007
70650988
70767162
70790191
70825111
70871992
70939241
71158797
71179990
71189449
71570954
71858195
71912466
72224962
72316575
72524142
72645762
72721838
72802764
73005207
73200569
73233097
73403226
73680418
73811347
74451956
74454826
74499342
74524642
74588877
74911659
74916674
74994956
75071462
75084130
75222115
75279247
75665850
75672623
75890752
76019393
76363688
76625800
76734521
76829931
77003767
77032184
77144611
77229480
77456869
77547596
77852773
77859357
77993355
78038338
78322754
78445449
78456778
78459909
78654003
78897803
79097168
79365021
79530867
79757266
79791167
80008899
80063334
80667117
80715715
80866391
81012892
81067726
81110011
81364318
81417702
81546336
81923276
82014691
82108965
82204073
82418618
82450834
83297023
83355329
83474371
84233995
84332220
84359771
84489477
85033320
85047807
85080928
85084358
85230154
85375209
85658575
85988558
86061776
86295170
86361699
86816727
86874111
87188310
87265525
87360521
87614520
87783329
87874797
87987599
210024401
210396943
210448246
210626586
210652278
210824691
210965767
211005966
211067120
211080529
211235243
211739176
211757868
211850625
212066288
212207411
212219537
212545435
212571910
212664048
212768751
212931997
213002288
213058311
213266248
213267182
213299469
213327481
213531818
213632800
213743234
213835391
213884602
214393819
214647571
214701953
214810566
214811612
214909470
214960880
215019390
215175139
215200404
215311498
215327401
215564698
215620296
215621349
215632597
215658396
215669410
215675161
215680745
215705330
215722014
215751192
215765745
215774310
215784283
215788027
215845198
215915121
215936613
215967273
216047522
216054460
216110985
216367740
216590214
216633711
216685759
216852284
216953384
216960552
217000117
217217243
217345888
217439770
217569838
217822796
217910088
218164670
218293716
218317182
218376950
218536971
218649389
219308454
219395971
219596713
219602367
220257103
220476336
220479355
220553403
220595517
221032632
221190156
221621683
221664523
221733314
222148126
222702277
223138666
223335563
223404658
223521170
223680319
224854282
225080531
225092227
225336826
225509053
225612106
225878892
226263158
226319758
226374380
226488800
226828436
226891527
226998568
227347057
227394079
227766016
227859024
227894858
228046102
228306908
228308093
228396567
228525642
228557861
228611067
228697910
228806644
228893091
229468035
240315367
240606904
241137691
241309299
241328065
241901851
242232242
242345833
242392208
242580227
242708787
243054020
243060131
243214665
243215823
243514910
243654377
243800931
244107388
244108602
244506357
244864118
244930217
245273262
245667111
246262052
246264209
246446547
246633970
246684887
247187008
247484299
248028342
248399378
248738038
248926171
249030262
249158804
249375493
249405100
249581173
249770470
250272352
250370615
250725524
250772616
251906544
252265104
253183093
253674617
254025259
254132313
254218568
270297577
270322483
270752037
270801967
270850758
270938451
271056673
271152877
271186711
271198516
271254006
271441996
271500569
271556088
271601705
271699688
271839568
271882048
272097966
272305858
272381299
272559820
272572651
272612186
272633762
272688955
272775922
272929883
272965182
273031528
273698234
273721657
273737670
273798323
273835719
273879416
273894359
273929957
273934296
274059230
274074177
274089795
274109361
274135387
274236554
274251665
274262727
274473218
274655242
274728560
274793471
274848484
274857033
275007751
275049169
275064054
275389311
275761202
275886266
276029013
276067496
276159631
276770942
276873932
277075436
277101538
277569200
278186038
278186217
278197947
278200897
278215639
278223006
278235234
278237932
278342632
278362503
278499375
278583187
278753538
278874091
278903922
279007199
279346445
279394696
279407337
279758592
279785358
279807532
280357278
280385243
280642194
280749836
280751243
280768435
280769091
280794379
280817532
280834204
280835202
280854350
280861227
280873266
280905855
280906808
280931239
280935260
280940431
281039323
281203449
281272655
281350170
281362159
281379577
281397102
281409471
281437954
281509062
281610634
281844587
282124962
282916850
282993769
283443843
283466443
283538623
283543696
284041081
284185395
1000003374
1000060787
1000079167
1000085444
1000092382
1000094052
1000095500
1000097914
1000098257
1000106075
1000117663
1000131684
1000136955
1000144332
1000148680
1000158915
1000166111
1000172520
1000195387
1000196715
1000213720
1000216284
1000240153
1000242321
1000256983
1000258991
1000269641
1000273720
1000281111
1000284465
1000305443
1000308854
1000317553
1000323135
1000335831
1000340662
1000405804
1000432103
1000440717
1000462433
1000467517
1000471674
1000483404
1000489213
1000524895
1000526130
1000543954
1000569415
1000583044
1000585644
1000587992
1000592155
1000597764
1000610001
1000614325
1000640941
1000648441
1000656705
1000672630
1000677245
1000679515
1000693263
1000705543
1000720521
1000726952
1000732773
1000733587
1000736615
1000742352
1000757683
1000758160
1000805251
1000810573
1000814893
1000815500
1000819720
1000831590
1000832745
1000834565
1000836601
1000837062
1000851907
1000868161
1000872971
1000914784
1000919273
1000921933
1000937381
1000961965
1000972044
1001009642
1001028931
1001031984
1001047720
1001077351
1001083531
1001087192
1001088484
1001125125
1001136960
1001141017
